
%记录关键改动地方

%汇集所有BS权重(只计算了31个BS,总计有50个BS)
tt=[
  c1
  c2
  c3
  c4
  c5
  c6
  c7
  c8
  c9
  c10
  c11
  c12
  c13
  c14
  c15
  c16
  0
  0
  0
  0
  0
  0
  c23
  0
  0
  c26
  c27
  c28
  c29
  c30
  c31
  c32
  c33
  0
  0
  c36
  c37
  0
  0
  c40
  c41
  c42
  c43
  0
  0
  0
  0
  0
  0
  0
]


bbb=[bbb tt];
